global branch bus


%% line           from    to     R         X           S_line
branch=[
1	1	2	0.0005	0.0012       0.1;
2	2	3	0.0005	0.0012       0.1;
3	3	4	0.0015	0.0036       0.1003;
4	4	5	0.0251	0.0294       0.1050;
5	5	6	0.366	0.1864       0.1550;
6	6	7	0.3811	0.1941       0.1572;
7	7	8	0.0922	0.047        0.1137;
8	8	9	0.0493	0.0251       0.1037;
9	9	10	0.819	0.2707       0.2156;
10	10	11	0.1872	0.0619       0.1263;
11	11	12	0.7114	0.2351       0.2004;
12	12	13	1.03	0.34         0.2454;
13	13	14	1.044	0.345        0.2474;
14	14	15	1.058	0.3496       0.2494;
15	15	16	0.1966	0.065        0.1276;
16	16	17	0.3744	0.1238       0.1528;
17	17	18	0.0047	0.0016       0.1005;
18	18	19	0.3267	0.1083       0.1460;
19	19	20	0.2106	0.0696       0.1296;
20	20	21	0.3416	0.1129       0.1481;
21	21	22	0.014	0.0046       0.1018;
22	22	23	0.1591	0.0526       0.1223;
23	23	24	0.3463	0.1145       0.1488;
24	24	25	0.7488	0.2475       0.2057;
25	25	26	0.3089	0.1021       0.1435;
26	26	27	0.1732	0.0572       0.1243;
27	3	28	0.0044	0.0108       0.1014;
28	28	29	0.064	0.1565       0.1225;
29	29	30	0.3978	0.1315       0.1561;
30	30	31	0.0702	0.0232       0.1098;
31	31	32	0.351	0.116        0.1495;
32	32	33	0.839	0.2816       0.2186;
33  33  34  1.708   0.5646       0.3413;
34  34  35  1.474   0.4873       0.3082;
35   4  36  0.0034  0.0084       0.1010;
36  36  37  0.0851  0.2083       0.1300;
37  37  38  0.2898  0.7091       0.2027;
38  38  39  0.0822  0.2011       0.1290;
39   8  40  0.0928  0.0473       0.1138;
40  40  41  0.3319  0.1114       0.1468;
41   9  42  0.174   0.0886       0.1260;
42  42  43  0.203   0.1034       0.1304;
43  43  44  0.2842  0.1447       0.1426;
44  44  45  0.2813  0.1433       0.1422;
45  45  46  1.59    0.5337       0.3250;
46  46  47  0.7837  0.263        0.2108;
47  47  48  0.3042  0.1006       0.1428;
48  48  49  0.3861  0.1172       0.1540;
49  49  50  0.5075  0.2585       0.1763;
50  50  51  0.0974  0.0496       0.1145;
51  51  52  0.145   0.0738       0.1217;
52  52  53  0.7105  0.3619       0.2069;
53  53  54  1.041   0.5302       0.2567;
54  11  55  0.2012  0.0611       0.1281;
55  55  56  0.0047  0.0014       0.1005;
56  12  57  0.7394  0.2444       0.2044;
57  57  58  0.0047  0.0016       0.1005;
58   3  59  0.0044  0.0108       0.1014;
59  59  60  0.064   0.1565       0.1225;
60  60  61  0.1053  0.123        0.1216;
61  61  62  0.0304  0.0355       0.1061;
62  62  63  0.0018  0.0021       0.1002;
63  63  64  0.7283  0.8509       0.2502;
64  64  65  0.31    0.3623       0.1638;
65  65  66  0.041   0.0478       0.1083;
66  66  67  0.0092  0.0116       0.1018;
67  67  68  0.1089  0.1373       0.1234;
68  68  69  0.0009  0.0012       0.1000;
69	11	66	0.5	    0.5          0.1947;
70	13	21	0.5	    0.5          0.1947;
71	15	69	1	    0.5          0.2499;
72	39	48	2	    1            0.4000;
73	27	54	1	    0.5          0.2499];