loads=[
1      0        0       0;
2	   0        0       0;
3	   0        0       0;
4	   0        0       0;
5	   0        0       0;
6	   2.6    2.2     100;
7     40.4   30       300;
8	  75	 54       400;
9	  30	 22       250;
10	  28	 19       250;
11   145	104       800;
12   145	104       800;
13	   8	  5.5     100;
14	   8	  5.5     100;
15	   0	  0         0;
16	  45.5   30       300;
17	  60	 35       350;
18	  60     35       350;
19	   0      0         0;
20	   1      0.6     100;
21   114     81       600;
22     5.5    3.5     100;
23     0      0         0;
24    28     20       150;
25     0      0         0;
26    14     10       150;
27    14     10       150;
28    26     18.6     150;
29    26     18.6     150;
30     0      0         0;
31	   0	  0         0;
32	   0	  0         0;
33	  14     10       150;
34	  19.5   14       150;
35     6      4       100;
36     0      0         0;
37    79     56.4     400;
38   384.7  274.5    1000;
39   384.7  274.5    1000;
40    40.5   28.3     300;
41     3.6    3.7     100;
42     4.35   3.5     100;
43    26.4   19       250;
44    24     17.2     250;
45     0      0         0;
46     0      0         0;
47     0      0         0;
48   100     72       500;
49     0      0         0;
50  1244    888      1500;
51    32     23       300;
52     0      0         0;
53   227    162       800;
54    59     42       400;
55    18     13       200;
56    18     13       200;
57    28     20       200;
58    28     20       200;
59    26     18.55    200;
60    26     18.55    200;
61     0      0         0;
62    24     17       200;
63    24     17       200;
64     1.2    1       100;
65     0      0         0;
66     6      4.3     100;
67     0      0         0;
68    39.22  26.3     300;
69    39.22  26.3     300];
   

                             
                             
                             